"Country" "Population..2020." "Yearly.Change" "Net.Change" "Density..P.Km.." "Land.Area..Km.." "Migrants..net." "Fert..Rate" "Med..Age" "Urban.Pop.." "World.Share"
"China" 1439323776 0 5540090 153 9388211 -348399 1 38 61 18
"India" 1380004385 0 13586631 464 2973190 -532687 2 28 35 17
"US" 331002651 0 1937734 36 9147420 954806 1 38 83 4
"Indonesia" 273523615 1 2898047 151 1811570 -98955 2 30 56 3
"Pakistan" 220892340 2 4327022 287 770880 -233379 3 23 35 2
"Brazil" 212559417 0 1509890 25 8358140 21200 1 33 88 2
"Nigeria" 206139589 2 5175990 226 910770 -60000 5 18 52 2
"Bangladesh" 164689383 1 1643222 1265 130170 -369501 2 28 39 2
"Russia" 145934462 0 62206 9 16376870 182456 1 40 74 1
"Mexico" 128932753 1 1357224 66 1943950 -60000 2 29 84 1
"Japan" 126476461 0 -383840 347 364555 71560 1 48 92 1
"Ethiopia" 114963588 2 2884858 115 1000000 30000 4 19 21 1
"Philippines" 109581078 1 1464463 368 298170 -67152 2 26 47 1
"Egypt" 102334404 1 1946331 103 995450 -38033 3 25 43 1
"Vietnam" 97338579 0 876473 314 310070 -80000 2 32 38 1
"DR Congo" 89561403 3 2770836 40 2267050 23861 6 17 46 1
"Turkey" 84339067 1 909452 110 769630 283922 2 32 76 1
"Iran" 83992949 1 1079043 52 1628550 -55000 2 32 76 1
"Germany" 83783942 0 266897 240 348560 543822 1 46 76 1
"Thailand" 69799978 0 174396 137 510890 19444 1 40 51 0
"United Kingdom" 67886011 0 355839 281 241930 260650 1 40 83 0
"France" 65273511 0 143783 119 547557 36527 1 42 82 0
"Italy" 60461826 0 -88249 206 294140 148943 1 47 69 0
"Tanzania" 59734218 2 1728755 67 885800 -40076 4 18 37 0
"South Africa" 59308690 1 750420 49 1213090 145405 2 28 67 0
"Myanmar" 54409800 0 364380 83 653290 -163313 2 29 31 0
"Kenya" 53771296 2 1197323 94 569140 -10000 3 20 28 0
"Korea, South" 51269185 0 43877 527 97230 11731 1 44 82 0
"Colombia" 50882891 1 543448 46 1109500 204796 1 31 80 0
"Spain" 46754778 0 18002 94 498800 40000 1 45 80 0
"Uganda" 45741007 3 1471413 229 199810 168694 5 17 26 0
"Argentina" 45195774 0 415097 17 2736690 4800 2 32 93 0
"Algeria" 43851044 1 797990 18 2381740 -10000 3 29 73 0
"Sudan" 43849260 2 1036022 25 1765048 -50000 4 20 35 0
"Ukraine" 43733762 0 -259876 75 579320 10000 1 41 69 0
"Iraq" 40222493 2 912710 93 434320 7834 3 21 73 0
"Afghanistan" 38928346 2 886592 60 652860 -62920 4 18 25 0
"Poland" 37846611 0 -41157 124 306230 -29395 1 42 60 0
"Canada" 37742154 0 331107 4 9093510 242032 1 41 81 0
"Morocco" 36910560 1 438791 83 446300 -51419 2 30 64 0
"Saudi Arabia" 34813871 1 545343 16 2149690 134979 2 32 84 0
"Uzbekistan" 33469203 1 487487 79 425400 -8863 2 28 50 0
"Peru" 32971854 1 461401 26 1280000 99069 2 31 79 0
"Angola" 32866272 3 1040977 26 1246700 6413 5 17 67 0
"Malaysia" 32365999 1 416222 99 328550 50000 2 30 78 0
"Mozambique" 31255435 2 889399 40 786380 -5000 4 18 38 0
"Ghana" 31072940 2 655084 137 227540 -10000 3 22 57 0
"Yemen" 29825964 2 664042 56 527970 -30000 3 20 38 0
"Nepal" 29136808 1 528098 203 143350 41710 1 25 21 0
"Venezuela" 28435940 0 -79889 32 882050 -653249 2 30 NA 0
"Madagascar" 27691018 2 721711 48 581795 -1500 4 20 39 0
"Cameroon" 26545863 2 669483 56 472710 -4800 4 19 56 0
"Cote d'Ivoire" 26378274 2 661730 83 318000 -8000 4 19 51 0
"North Korea" 25778816 0 112655 214 120410 -5403 1 35 63 0
"Australia" 25499884 1 296686 3 7682300 158246 1 38 86 0
"Niger" 24206644 3 895929 19 1266700 4000 7 15 17 0
"Taiwan*" 23816775 0 42899 673 35410 30001 1 42 79 0
"Sri Lanka" 21413249 0 89516 341 62710 -97986 2 34 18 0
"Burkina Faso" 20903273 2 581895 76 273600 -25000 5 18 31 0
"Mali" 20250833 3 592802 17 1220190 -40000 5 16 44 0
"Romania" 19237691 0 -126866 84 230170 -73999 1 43 55 0
"Malawi" 19129952 2 501205 203 94280 -16053 4 18 18 0
"Chile" 19116201 0 164163 26 743532 111708 1 35 85 0
"Kazakhstan" 18776707 1 225280 7 2699700 -18000 2 31 58 0
"Zambia" 18383955 2 522925 25 743390 -8000 4 18 45 0
"Guatemala" 17915568 1 334096 167 107160 -9215 2 23 52 0
"Ecuador" 17643054 1 269392 71 248360 36400 2 28 63 0
"Syria" 17500658 2 430523 95 183630 -427391 2 26 60 0
"Netherlands" 17134872 0 37742 508 33720 16000 1 43 92 0
"Senegal" 16743927 2 447563 87 192530 -20000 4 19 49 0
"Cambodia" 16718965 1 232423 95 176520 -30000 2 26 24 0
"Chad" 16425864 3 478988 13 1259200 2000 5 17 23 0
"Somalia" 15893222 2 450317 25 627340 -40000 6 17 47 0
"Zimbabwe" 14862924 1 217456 38 386850 -116858 3 19 38 0
"Guinea" 13132795 2 361549 53 245720 -4000 4 18 39 0
"Rwanda" 12952218 2 325268 525 24670 -9000 4 20 18 0
"Benin" 12123200 2 322049 108 112760 -2000 4 19 48 0
"Burundi" 11890784 3 360204 463 25680 2001 5 17 14 0
"Tunisia" 11818619 1 123900 76 155360 -4000 2 33 70 0
"Bolivia" 11673021 1 159921 11 1083300 -9504 2 26 69 0
"Belgium" 11589623 0 50295 383 30280 48000 1 42 98 0
"Haiti" 11402528 1 139451 414 27560 -35000 3 24 57 0
"Cuba" 11326616 0 -6867 106 106440 -14400 1 42 78 0
"South Sudan" 11193725 1 131612 18 610952 -174200 4 19 25 0
"Dominican Republic" 10847910 1 108952 225 48320 -30000 2 28 85 0
"Czechia" 10708981 0 19772 139 77240 22011 1 43 74 0
"Greece" 10423054 0 -50401 81 128900 -16000 1 46 85 0
"Jordan" 10203134 1 101440 115 88780 10220 2 24 91 0
"Portugal" 10196709 0 -29478 111 91590 -6000 1 46 66 0
"Azerbaijan" 10139177 0 91459 123 82658 1200 2 32 56 0
"Sweden" 10099265 0 62886 25 410340 40000 1 41 88 0
"Honduras" 9904607 1 158490 89 111890 -6800 2 24 57 0
"United Arab Emirates" 9890402 1 119873 118 83600 40000 1 33 86 0
"Hungary" 9660351 0 -24328 107 90530 6000 1 43 72 0
"Tajikistan" 9537645 2 216627 68 139960 -20000 3 22 27 0
"Belarus" 9449323 0 -3088 47 202910 8730 1 40 79 0
"Austria" 9006398 0 51296 109 82409 65000 1 43 57 0
"Papua New Guinea" 8947024 1 170915 20 452860 -800 3 22 13 0
"Serbia" 8737371 0 -34864 100 87460 4000 1 42 56 0
"Israel" 8655535 1 136158 400 21640 10000 3 30 93 0
"Switzerland" 8654622 0 63257 219 39516 52000 1 43 74 0
"Togo" 8278724 2 196358 152 54390 -2000 4 19 43 0
"Sierra Leone" 7976983 2 163768 111 72180 -4200 4 19 43 0
"Hong Kong" 7496981 0 60827 7140 1050 29308 1 45 NA 0
"Laos" 7275560 1 106105 32 230800 -14704 2 24 36 0
"Paraguay" 7132538 1 87902 18 397300 -16556 2 26 62 0
"Bulgaria" 6948445 0 -51674 64 108560 -4800 1 45 76 0
"Libya" 6871292 1 93840 4 1759540 -1999 2 29 78 0
"Lebanon" 6825445 0 -30268 667 10230 -30012 2 30 78 0
"Nicaragua" 6624554 1 79052 55 120340 -21272 2 26 57 0
"Kyrgyzstan" 6524195 1 108345 34 191800 -4000 3 26 36 0
"El Salvador" 6486205 0 32652 313 20720 -40539 2 28 73 0
"Turkmenistan" 6031200 1 89111 13 469930 -5000 2 27 53 0
"Singapore" 5850342 0 46005 8358 700 27028 1 42 NA 0
"Denmark" 5792202 0 20326 137 42430 15200 1 42 88 0
"Finland" 5540720 0 8564 18 303890 14000 1 43 86 0
"Congo" 5518087 2 137579 16 341500 -4000 4 19 70 0
"Slovakia" 5459642 0 2629 114 48088 1485 1 41 54 0
"Norway" 5421241 0 42384 15 365268 28000 1 40 83 0
"Oman" 5106626 2 131640 16 309500 87400 2 31 87 0
"Palestine" 5101414 2 119994 847 6020 -10563 3 21 80 0
"Costa Rica" 5094118 0 46557 100 51060 4200 1 33 80 0
"Liberia" 5057681 2 120307 53 96320 -5000 4 19 53 0
"Ireland" 4937786 1 55291 72 68890 23604 1 38 63 0
"Central African Republic" 4829767 1 84582 8 622980 -40000 4 18 43 0
"New Zealand" 4822233 0 39170 18 263310 14881 1 38 87 0
"Mauritania" 4649658 2 123962 5 1030700 5000 4 20 57 0
"Panama" 4314767 1 68328 58 74340 11200 2 30 68 0
"Kuwait" 4270571 1 63488 240 17820 39520 2 37 NA 0
"Croatia" 4105267 0 -25037 73 55960 -8001 1 44 58 0
"Moldova" 4033963 0 -9300 123 32850 -1387 1 38 43 0
"Georgia" 3989167 0 -7598 57 69490 -10000 2 38 58 0
"Eritrea" 3546421 1 49304 35 101000 -39858 4 19 63 0
"Uruguay" 3473730 0 11996 20 175020 -3000 2 36 96 0
"Bosnia and Herzegovina" 3280819 0 -20181 64 51000 -21585 1 43 52 0
"Mongolia" 3278290 1 53123 2 1553560 -852 2 28 67 0
"Armenia" 2963243 0 5512 104 28470 -4998 1 35 63 0
"Jamaica" 2961167 0 12888 273 10830 -11332 2 31 55 0
"Qatar" 2881053 1 48986 248 11610 40000 1 32 96 0
"Albania" 2877797 0 -3120 105 27400 -14000 1 36 63 0
"Puerto Rico" 2860853 -2 -72555 323 8870 -97986 1 44 NA 0
"Lithuania" 2722289 -1 -37338 43 62674 -32780 1 45 71 0
"Namibia" 2540905 1 46375 3 823290 -4806 3 22 55 0
"Gambia" 2416668 2 68962 239 10120 -3087 5 18 59 0
"Botswana" 2351627 2 47930 4 566730 3000 2 24 73 0
"Gabon" 2225734 2 53155 9 257670 3260 4 23 87 0
"Lesotho" 2142249 0 16981 71 30360 -10047 3 24 31 0
"North Macedonia" 2083374 0 -85 83 25220 -1000 1 39 59 0
"Slovenia" 2078938 0 284 103 20140 2000 1 45 55 0
"Guinea-Bissau" 1968001 2 47079 70 28120 -1399 4 19 45 0
"Latvia" 1886198 -1 -20545 30 62200 -14837 1 44 69 0
"Bahrain" 1701575 3 60403 2239 760 47800 2 32 89 0
"Equatorial Guinea" 1402985 3 46999 50 28050 16000 4 22 73 0
"Trinidad and Tobago" 1399488 0 4515 273 5130 -800 1 36 52 0
"Estonia" 1326535 0 887 31 42390 3911 1 42 68 0
"Timor-Leste" 1318445 1 25326 89 14870 -5385 4 21 33 0
"Mauritius" 1271768 0 2100 626 2030 0 1 37 41 0
"Cyprus" 1207359 0 8784 131 9240 5000 1 37 67 0
"Eswatini" 1160164 1 12034 67 17200 -8353 3 21 30 0
"Djibouti" 988000 1 14440 43 23180 900 2 27 79 0
"Fiji" 896445 0 6492 49 18270 -6202 2 28 59 0
"Réunion" 895312 0 6385 358 2500 -1256 2 36 100 0
"Comoros" 869601 2 18715 467 1861 -2000 4 20 29 0
"Guyana" 786552 0 3786 4 196850 -6000 2 27 27 0
"Bhutan" 771608 1 8516 20 38117 320 2 28 46 0
"Solomon Islands" 686884 2 17061 25 27990 -1600 4 20 23 0
"Macao" 649335 1 8890 21645 30 5000 1 39 NA 0
"Montenegro" 628066 0 79 47 13450 -480 1 39 68 0
"Luxembourg" 625978 1 10249 242 2590 9741 1 40 88 0
"Western Sahara" 597339 2 14876 2 266000 5582 2 28 87 0
"Suriname" 586632 0 5260 4 156000 -1000 2 29 65 0
"Cabo Verde" 555987 1 6052 138 4030 -1342 2 28 68 0
"Maldives" 540544 1 9591 1802 300 11370 1 30 35 0
"Malta" 441543 0 1171 1380 320 900 1 43 93 0
"Brunei" 437479 0 4194 83 5270 0 1 32 80 0
"Guadeloupe" 400124 0 68 237 1690 -1440 2 44 NA 0
"Belize" 397628 1 7275 17 22810 1200 2 25 46 0
"Bahamas" 393244 0 3762 39 10010 1000 1 32 86 0
"Martinique" 375265 0 -289 354 1060 -960 1 47 92 0
"Iceland" 341243 0 2212 3 100250 380 1 37 94 0
"Vanuatu" 307145 2 7263 25 12190 120 3 21 24 0
"French Guiana" 298682 2 7850 4 82200 1200 3 25 87 0
"Barbados" 287375 0 350 668 430 -79 1 40 31 0
"New Caledonia" 285498 0 2748 16 18280 502 2 34 72 0
"French Polynesia" 280908 0 1621 77 3660 -1000 2 34 64 0
"Mayotte" 272815 2 6665 728 375 0 3 20 46 0
"Sao Tome and Principe" 219159 1 4103 228 960 -1680 4 19 74 0
"Samoa" 198414 0 1317 70 2830 -2803 3 22 18 0
"Saint Lucia" 183627 0 837 301 610 0 1 34 19 0
"Channel Islands" 173863 0 1604 915 190 1351 1 43 30 0
"Guam" 168775 0 1481 313 540 -506 2 31 95 0
"Curaçao" 164093 0 669 370 444 515 1 42 89 0
"Kiribati" 119449 1 1843 147 810 -800 3 23 57 0
"Micronesia" 115023 1 1208 164 700 -600 3 24 21 0
"Grenada" 112523 0 520 331 340 -200 2 32 35 0
"Saint Vincent and the Grenadines" 110940 0 351 284 390 -200 1 33 53 0
"Aruba" 106766 0 452 593 180 201 1 41 44 0
"Tonga" 105695 1 1201 147 720 -800 3 22 24 0
"U.S. Virgin Islands" 104425 0 -153 298 350 -451 2 43 96 0
"Seychelles" 98347 0 608 214 460 -200 2 34 56 0
"Antigua and Barbuda" 97929 0 811 223 440 0 2 34 26 0
"Isle of Man" 85033 0 449 149 570 NA NA NA 53 0
"Andorra" 77265 0 123 164 470 NA NA NA 88 0
"Dominica" 71986 0 178 96 750 NA NA NA 74 0
"Cayman Islands" 65722 1 774 274 240 NA NA NA 97 0
"Bermuda" 62278 0 -228 1246 50 NA NA NA 97 0
"Marshall Islands" 59190 0 399 329 180 NA NA NA 70 0
"Northern Mariana Islands" 57559 0 343 125 460 NA NA NA 88 0
"Greenland" 56770 0 98 0 410450 NA NA NA 87 0
"American Samoa" 55191 0 -121 276 200 NA NA NA 88 0
"Saint Kitts and Nevis" 53199 0 376 205 260 NA NA NA 33 0
"Faeroe Islands" 48863 0 185 35 1396 NA NA NA 43 0
"Sint Maarten" 42876 1 488 1261 34 NA NA NA 96 0
"Monaco" 39242 0 278 26337 1 NA NA NA NA 0
"Turks and Caicos" 38717 1 526 41 950 NA NA NA 89 0
"Saint Martin" 38666 1 664 730 53 NA NA NA 0 0
"Liechtenstein" 38128 0 109 238 160 NA NA NA 15 0
"San Marino" 33931 0 71 566 60 NA NA NA 97 0
"Gibraltar" 33691 0 -10 3369 10 NA NA NA NA 0
"British Virgin Islands" 30231 0 201 202 150 NA NA NA 52 0
"Caribbean Netherlands" 26223 0 244 80 328 NA NA NA 75 0
"Palau" 18094 0 86 39 460 NA NA NA NA 0
"Cook Islands" 17564 0 16 73 240 NA NA NA 75 0
"Anguilla" 15003 0 134 167 90 NA NA NA NA 0
"Tuvalu" 11792 1 146 393 30 NA NA NA 62 0
"Wallis & Futuna" 11239 -1 -193 80 140 NA NA NA 0 0
"Nauru" 10824 0 68 541 20 NA NA NA NA 0
"Saint Barthelemy" 9877 0 30 470 21 NA NA NA 0 0
"Saint Helena" 6077 0 18 16 390 NA NA NA 27 0
"Saint Pierre & Miquelon" 5794 0 -28 25 230 NA NA NA 100 0
"Montserrat" 4992 0 3 50 100 NA NA NA 10 0
"Falkland Islands" 3480 3 103 0 12170 NA NA NA 66 0
"Niue" 1626 0 11 6 260 NA NA NA 46 0
"Tokelau" 1357 1 17 136 10 NA NA NA 0 0
"Holy See" 801 0 2 2003 0 NA NA NA NA 0
